46176
,32005
,34
,55693
,51361
,46399
,27234
,55695
,2
,15910
,10796
,1312
,27771
,29
,54901
,10342
,37248
,8133
,3657
,8396
,1441
,48709
,55057
,30061
,12458
,13770
,48788
,37560
,15184
,3111
,7916
,15512
,16649
,56323
,1406
,19413
,54991
,20644
,2899
,10696
,944
,13427
,3023
,48601
,20995
,32331
,1305
,3488
,39634
,33973
,8292
,11149
,7854
,3422
,25768
,27145
,57306
,30745
,17914
,30352
,6282
,40247
,4986
,11538
,7909
,15384
,27253
,3216
,27577
,46339
,39796
,10434
,15347
,1511
,33270
,30383
,36971
,1244
,39757
,15242
,13882
,56987
,936
,9718
,32456
,3882
,15887
,33433
,13221
,3412
,33360
,2968
,900
,36806
,33670
,33235
,532
,18185
,3423
,16646
,955
,10323
,22212
,33644
,3222
,17903
,32297
,16437
,46188
,12773
,30739
,3740
,927
,13037
,33408
,33697
,3367
,3372
,50275
,32200
,27142
,1330
,8481
,13716
,21051
,33600
,30509
,55739
,3373
,20738
,39609
,27721
,40080
,26866
,30822
,32638
,7478
,8105
,701
,76
,3193
,11816
,3649
,906
,8107
,48778
,3610
,1558
,591
,601
,16052
,36871
,11070
,126
,25656
,30461
,6347
,20673
,20903
,33304
,12337
,9903
,3295
,36318
,20786
,32452
,18019
,3299
,30809
,25750
,15485
,9816
,16473
,3465
,36968
,11334
,22125
,8535
,34189
,15951
,13614
,9780
,8031
,30300
,32386
,33554
,30906
,698
,34040
,15376
,1137
,605
,1013
,3630
,3730
,18062
,3451
,14055
,27383
,32729
,3600
,8263
,1243
,33753
,37922
,33780
,3474
,19366
,39832
,36711
,669
,12919
,20705
,589
,27261
,16439
,27800
,22167
,33016
,24463
,24399
,441
,48940
,13809
,6340
,451
,33005
,55697
,15629
,25592
,9713
,1323
,27169
,6383
,17809
,10925
,7601
,3370
,27710
,7918
,34096
,15630
,57396



