72739
,1858
,14656
,72712
,64200
,69821
,50786
,62293
,11104
,71723
,14661
,43816
,63715
,11111
,14650
,23886
,72037
,47952
,11107
,72927
,14728
,14690
,14614
,72038
,66327
,73311
,11106
,815
,14725
,28725
,48785
,58317
,36701
,49320
,72731
,14578
,65956
,71058
,68513
,2493
,72718
,28368
,44453
,59052
,14706
,627
,40134
,23656
,37571
,23600
,31004
,11101
,68360
,14630
,23572
,347
,57047
,14664
,14704
,21539
,14708
,22899
,47823
,61564
,38302
,864
,72084
,43297
,73640
,14703
,14612
,14632
,21075
,60803
,14711
,51495
,23090
,1261
,24489
,14701
,21013
,23069
,22692
,30074
,39193
,2391
,1674
,42731
,40154
,22483
,14677
,21902
,61293
,30680
,52919
,45099
,1415
,40630
,1611
,884
,43157
,275
,57702
,32289
,2600
,40282
,47150
,21343
,29001
,24791
,43275
,14633
,1501
,14623
,53765
,1549
,27368
,52485
,1997
,39450
,1159
,310
,52989
,50427
,1045
,1404
,46447
,45928
,936
,33208
,23562
,47995
,51049
,14430
,39627
,27713
,27738
,53266
,35113
,30582
,51982
,881
,32350
,43422
,45195
,33219
,497
,53595
,1182
,31598
,23117
,24180
,47819
,47984
,26807
,47325
,44768
,702
,50074
,2634
,27400
,471
,23753
,30597
,25552
,1316
,42829
,57937
,1521
,45509
,21090
,440
,57935
,1008
,30237
,67086
,22518
,57787
,59157
,51227
,39121
,1174
,1032
,535
,44746
,27923
,51352
,37879
,22565
,30854
,49705
,45266
,53669
,51488
,47114
,54199
,1564
,44952
,27721
,25041
,33651
,56949
,1222
,44512
,27013
,33019
,1655
,53542
,14617
,1508
,41624
,14634
,46958
,44989
,14712
,14476
,11102
,1013
,54413
,701
,25189
,53507
,53168
,841
,51907
,14672
,1540
,48705
,1614
,54485
,41788
,50509
,30382
,52502
,22659
,44593
,50492
,589
,32714
,29079
,42566
,49584
,574
,14699
,53301
,328
,1430
,27467
,50643
,45735
,68447
,57572
,1461
,1505
,33638
,54690
,21007
,30059
,43940
,63640
,48828
,58017
,49732
,1240
,53304
,23595
,72768
,22627
,40799
,1257
,25929
,45984
,45685
,48184
,1668
,47854
,34356
,46590
,1500
,2590
,31791
,42171
,29924
,68444
,60847
,1164
,44754
,47294
,2611
,35711
,73730


